000001000101010
000001101111011
000000000000000
000000100000000
000001000000101
000001100000011
000010000000000
000001000000101
000001100000011
000010100000000
000001000000101
000001100000011
000011000000100
000001000000101
000001100000011
000011100000010
000001000000101
000001100000011
000100000000000
000001000000101
000001100000011
000100100000000
000001000000101
000001100000011
000101000000010
000001000000101
000001100000011
000101100000010
000001000000101
000001100000011
000110000000000
000001000000101
000001100000011
000110100000000
000001000000101
000001100000011
000111000000011
000001000000101
000001100000011
000111100000011
000001000000101
000001100000011
001000000000000
000001000000101
000001100000011
001000100000000
000001000000101
000001100000011
001001000000001
000001000000101
000001100000011
001001100000001
000001000000101
000001100000011
001100000000000
000001000000101
000001100000011
001100100000000
000001000000101
000001100000011
001101000000001
000001000000101
000001100000011
001101100000001
000001000000101
000001100000011
001010000000000
000001000000101
000001100000011
001011100000000
000001000000101
000001100000011
001010100000000
000001000000101
000001100000011
001011000000000
000001000000101
000001100000011
001110000000000
000001000000101
000001100000011
001111100000000
000001000000101
000001100000011
001110100000000
000001000000101
000001100000011
001111000000000
000001000000101
000001100000011
010000000000000
000001000000101
000001100000011
010001100000000
000001000000101
000001100000011
010000100000000
000001000000101
000001100000011
010001000000000
000001000000101
000001100000011
010010000000000
